 x:   6.4280897328000011     
 y:   6.4280897328000002     
  |x-y|/x:    0.1381714408E-15
