        x:    0.6428089733E+01
        y:    0.6428089733E+01
  |x-y|/x:    0.1381714408E-15
