r_sol = 6.96e10
l_sol = 3.85e33
m_sol = 1.989e33 
pc    = 3.0856e18 
c     = 2.997924e10
kb    = 1.38065e-16
h_planck = 6.626e-27
r     = 10.68*pc
bb(nu,T) = (r_star/r) * 1.0/(2*c*c) * nu*nu*nu 
nu = 3.288e15


